8 5 16579836
9 5 16579836
10 5 16579836
11 5 16579836
18 5 16579836
19 5 16579836
20 5 16579836
21 5 16579836
6 6 16579836
7 6 16579836
8 6 16579836
9 6 16579836
10 6 16579836
11 6 16579836
12 6 16579836
17 6 16579836
18 6 16579836
19 6 16579836
20 6 16579836
21 6 16579836
22 6 16579836
23 6 16579836
5 7 16579836
6 7 16579836
7 7 16579836
8 7 16579836
9 7 16579836
10 7 16579836
11 7 16579836
12 7 16579836
13 7 16579836
16 7 16579836
17 7 16579836
18 7 16579836
19 7 16579836
20 7 16579836
21 7 16579836
22 7 16579836
23 7 16579836
24 7 16579836
4 8 16579836
5 8 16579836
6 8 16579836
7 8 16579836
8 8 16579836
9 8 16579836
10 8 16579836
11 8 16579836
12 8 16579836
13 8 16579836
14 8 16579836
15 8 16579836
16 8 16579836
17 8 16579836
18 8 16579836
19 8 16579836
20 8 16579836
21 8 16579836
22 8 16579836
23 8 16579836
24 8 16579836
25 8 16579836
4 9 16579836
5 9 16579836
6 9 16579836
7 9 16579836
8 9 16579836
9 9 16579836
10 9 16579836
11 9 16579836
12 9 16579836
13 9 16579836
14 9 16579836
15 9 16579836
16 9 16579836
17 9 16579836
18 9 16579836
19 9 16579836
20 9 16579836
21 9 16579836
22 9 16579836
23 9 16579836
24 9 16579836
25 9 16579836
4 10 16579836
5 10 16579836
6 10 16579836
7 10 16579836
8 10 16579836
9 10 16579836
10 10 16579836
11 10 16579836
12 10 16579836
13 10 16579836
14 10 16579836
15 10 16579836
16 10 16579836
17 10 16579836
18 10 16579836
19 10 16579836
20 10 16579836
21 10 16579836
22 10 16579836
23 10 16579836
24 10 16579836
25 10 16579836
4 11 16579836
5 11 16579836
6 11 16579836
7 11 16579836
8 11 16579836
9 11 16579836
10 11 16579836
11 11 16579836
12 11 16579836
13 11 16579836
14 11 16579836
15 11 16579836
16 11 16579836
17 11 16579836
18 11 16579836
19 11 16579836
20 11 16579836
21 11 16579836
22 11 16579836
23 11 16579836
24 11 16579836
25 11 16579836
4 12 16579836
5 12 16579836
6 12 16579836
7 12 16579836
8 12 16579836
9 12 16579836
10 12 16579836
11 12 16579836
12 12 16579836
13 12 16579836
14 12 16579836
15 12 16579836
16 12 16579836
17 12 16579836
18 12 16579836
19 12 16579836
20 12 16579836
21 12 16579836
22 12 16579836
23 12 16579836
24 12 16579836
25 12 16579836
4 13 16579836
5 13 16579836
6 13 16579836
7 13 16579836
8 13 16579836
9 13 16579836
10 13 16579836
11 13 16579836
12 13 16579836
13 13 16579836
14 13 16579836
15 13 16579836
16 13 16579836
17 13 16579836
18 13 16579836
19 13 16579836
20 13 16579836
21 13 16579836
22 13 16579836
23 13 16579836
24 13 16579836
25 13 16579836
4 14 16579836
5 14 16579836
6 14 16579836
7 14 16579836
8 14 16579836
9 14 16579836
10 14 16579836
11 14 16579836
12 14 16579836
13 14 16579836
14 14 16579836
15 14 16579836
16 14 16579836
17 14 16579836
18 14 16579836
19 14 16579836
20 14 16579836
21 14 16579836
22 14 16579836
23 14 16579836
24 14 16579836
25 14 16579836
5 15 16579836
6 15 16579836
7 15 16579836
8 15 16579836
9 15 16579836
10 15 16579836
11 15 16579836
12 15 16579836
13 15 16579836
14 15 16579836
15 15 16579836
16 15 16579836
17 15 16579836
18 15 16579836
19 15 16579836
20 15 16579836
21 15 16579836
22 15 16579836
23 15 16579836
24 15 16579836
5 16 16579836
6 16 16579836
7 16 16579836
8 16 16579836
9 16 16579836
10 16 16579836
11 16 16579836
12 16 16579836
13 16 16579836
14 16 16579836
15 16 16579836
16 16 16579836
17 16 16579836
18 16 16579836
19 16 16579836
20 16 16579836
21 16 16579836
22 16 16579836
23 16 16579836
24 16 16579836
6 17 16579836
7 17 16579836
8 17 16579836
9 17 16579836
10 17 16579836
11 17 16579836
12 17 16579836
13 17 16579836
14 17 16579836
15 17 16579836
16 17 16579836
17 17 16579836
18 17 16579836
19 17 16579836
20 17 16579836
21 17 16579836
22 17 16579836
23 17 16579836
6 18 16579836
7 18 16579836
8 18 16579836
9 18 16579836
10 18 16579836
11 18 16579836
12 18 16579836
13 18 16579836
14 18 16579836
15 18 16579836
16 18 16579836
17 18 16579836
18 18 16579836
19 18 16579836
20 18 16579836
21 18 16579836
22 18 16579836
23 18 16579836
7 19 16579836
8 19 16579836
9 19 16579836
10 19 16579836
11 19 16579836
12 19 16579836
13 19 16579836
14 19 16579836
15 19 16579836
16 19 16579836
17 19 16579836
18 19 16579836
19 19 16579836
20 19 16579836
21 19 16579836
22 19 16579836
8 20 16579836
9 20 16579836
10 20 16579836
11 20 16579836
12 20 16579836
13 20 16579836
14 20 16579836
15 20 16579836
16 20 16579836
17 20 16579836
18 20 16579836
19 20 16579836
20 20 16579836
21 20 16579836
10 21 16579836
11 21 16579836
12 21 16579836
13 21 16579836
14 21 16579836
15 21 16579836
16 21 16579836
17 21 16579836
18 21 16579836
19 21 16579836
11 22 16579836
12 22 16579836
13 22 16579836
14 22 16579836
15 22 16579836
16 22 16579836
17 22 16579836
18 22 16579836
13 23 16579836
14 23 16579836
15 23 16579836
16 23 16579836
14 24 16579836
15 24 16579836
