3 1 16579836
4 1 16579836
5 1 16579836
6 1 16579836
7 1 16579836
8 1 16579836
9 1 16579836
10 1 16579836
11 1 16579836
12 1 16579836
13 1 16579836
14 1 16579836
15 1 16579836
16 1 16579836
17 1 16579836
18 1 16579836
19 1 16579836
20 1 16579836
21 1 16579836
22 1 16579836
23 1 16579836
24 1 16579836
25 1 16579836
26 1 16579836
2 2 16579836
3 2 16579836
4 2 16579836
5 2 16579836
6 2 16579836
7 2 16579836
8 2 16579836
9 2 16579836
10 2 16579836
11 2 16579836
12 2 16579836
13 2 16579836
14 2 16579836
15 2 16579836
16 2 16579836
17 2 16579836
18 2 16579836
19 2 16579836
20 2 16579836
21 2 16579836
22 2 16579836
23 2 16579836
24 2 16579836
25 2 16579836
26 2 16579836
27 2 16579836
1 3 16579836
2 3 16579836
3 3 16579836
4 3 16579836
5 3 16579836
6 3 16579836
7 3 16579836
8 3 16579836
9 3 16579836
10 3 16579836
11 3 16579836
12 3 16579836
13 3 16579836
14 3 16579836
15 3 16579836
16 3 16579836
17 3 16579836
18 3 16579836
19 3 16579836
20 3 16579836
21 3 16579836
22 3 16579836
23 3 16579836
24 3 16579836
25 3 16579836
26 3 16579836
27 3 16579836
28 3 16579836
1 4 16579836
2 4 16579836
3 4 16579836
4 4 16579836
5 4 16579836
6 4 16579836
7 4 16579836
8 4 16579836
9 4 16579836
10 4 16579836
11 4 16579836
12 4 16579836
13 4 16579836
14 4 16579836
15 4 16579836
16 4 16579836
17 4 16579836
18 4 16579836
19 4 16579836
20 4 16579836
21 4 16579836
22 4 16579836
23 4 16579836
24 4 16579836
25 4 16579836
26 4 16579836
27 4 16579836
28 4 16579836
1 5 16579836
2 5 16579836
3 5 16579836
4 5 16579836
5 5 16579836
6 5 16579836
7 5 16579836
8 5 16579836
9 5 16579836
10 5 16579836
11 5 16579836
12 5 16579836
13 5 16579836
14 5 16579836
15 5 16579836
16 5 16579836
17 5 16579836
18 5 16579836
19 5 16579836
20 5 16579836
21 5 16579836
22 5 16579836
23 5 16579836
24 5 16579836
25 5 16579836
26 5 16579836
27 5 16579836
28 5 16579836
1 6 16579836
2 6 16579836
3 6 16579836
4 6 16579836
5 6 16579836
6 6 16579836
7 6 16579836
8 6 16579836
9 6 16579836
10 6 16579836
11 6 16579836
12 6 16579836
15 6 16579836
16 6 16579836
17 6 16579836
18 6 16579836
19 6 16579836
20 6 16579836
21 6 16579836
22 6 16579836
23 6 16579836
24 6 16579836
25 6 16579836
26 6 16579836
27 6 16579836
28 6 16579836
2 7 16579836
3 7 16579836
4 7 16579836
5 7 16579836
6 7 16579836
7 7 16579836
8 7 16579836
9 7 16579836
10 7 16579836
11 7 16579836
12 7 16579836
16 7 16579836
17 7 16579836
18 7 16579836
19 7 16579836
20 7 16579836
21 7 16579836
22 7 16579836
23 7 16579836
24 7 16579836
25 7 16579836
26 7 16579836
27 7 16579836
28 7 16579836
3 8 16579836
4 8 16579836
5 8 16579836
6 8 16579836
7 8 16579836
8 8 16579836
9 8 16579836
10 8 16579836
11 8 16579836
16 8 16579836
17 8 16579836
18 8 16579836
19 8 16579836
20 8 16579836
21 8 16579836
22 8 16579836
23 8 16579836
24 8 16579836
25 8 16579836
26 8 16579836
27 8 16579836
28 8 16579836
4 9 16579836
5 9 16579836
6 9 16579836
7 9 16579836
8 9 16579836
17 9 16579836
18 9 16579836
19 9 16579836
20 9 16579836
21 9 16579836
22 9 16579836
23 9 16579836
24 9 16579836
25 9 16579836
26 9 16579836
27 9 16579836
28 9 16579836
6 10 16579836
7 10 16579836
17 10 16579836
18 10 16579836
19 10 16579836
20 10 16579836
21 10 16579836
22 10 16579836
23 10 16579836
24 10 16579836
25 10 16579836
26 10 16579836
27 10 16579836
28 10 16579836
6 11 16579836
7 11 16579836
18 11 16579836
19 11 16579836
20 11 16579836
21 11 16579836
22 11 16579836
23 11 16579836
24 11 16579836
25 11 16579836
26 11 16579836
27 11 16579836
28 11 16579836
6 12 16579836
7 12 16579836
18 12 16579836
19 12 16579836
20 12 16579836
21 12 16579836
22 12 16579836
23 12 16579836
24 12 16579836
25 12 16579836
26 12 16579836
27 12 16579836
28 12 16579836
5 13 16579836
6 13 16579836
7 13 16579836
8 13 16579836
19 13 16579836
20 13 16579836
21 13 16579836
22 13 16579836
23 13 16579836
24 13 16579836
25 13 16579836
26 13 16579836
27 13 16579836
28 13 16579836
5 14 16579836
6 14 16579836
7 14 16579836
8 14 16579836
20 14 16579836
21 14 16579836
22 14 16579836
23 14 16579836
24 14 16579836
25 14 16579836
26 14 16579836
27 14 16579836
5 15 16579836
6 15 16579836
7 15 16579836
8 15 16579836
21 15 16579836
22 15 16579836
23 15 16579836
24 15 16579836
25 15 16579836
26 15 16579836
6 16 16579836
7 16 16579836
22 16 16579836
23 16 16579836
24 16 16579836
25 16 16579836
10 18 16579836
11 18 16579836
10 19 16579836
11 19 16579836