2 8 16579836
3 8 16579836
4 8 16579836
5 8 16579836
6 8 16579836
4 9 16579836
4 10 16579836
4 11 16579836
4 12 16579836
4 13 16579836
4 14 16579836
4 15 16579836
4 16 16579836
4 17 16579836
8 11 16579836
9 11 16579836
10 11 16579836
7 12 16579836
11 12 16579836
7 13 16579836
11 13 16579836
7 14 16579836
8 14 16579836
9 14 16579836
10 14 16579836
7 15 16579836
7 16 16579836
8 17 16579836
9 17 16579836
10 17 16579836
11 17 16579836
14 11 16579836
13 12 16579836
14 12 16579836
15 12 16579836
14 13 16579836
14 14 16579836
14 15 16579836
14 16 16579836
14 17 16579836
15 17 16579836
17 11 16579836
19 11 16579836
20 11 16579836
17 12 16579836
18 12 16579836
17 13 16579836
17 14 16579836
17 15 16579836
17 16 16579836
17 17 16579836
22 11 16579836
22 13 16579836
22 14 16579836
22 15 16579836
22 16 16579836
22 17 16579836
25 11 16579836
26 11 16579836
24 12 16579836
27 12 16579836
24 13 16579836
25 14 16579836
26 14 16579836
27 15 16579836
24 16 16579836
27 16 16579836
25 17 16579836
26 17 16579836